36
154
258
346
424
501
593
670
758
838
909
993
1071
1142
1234
1323
1405
1474
1569
1656
1743
1823
1903
1988
2067
2168
2236
2328
2396
2498
2580
2680
2758
2848
2949
3017
3099
3190
3283
3372
3463
3555
3649
3751
3829
3933
4009
4100
4191
4296
4385
4487
4564
4658
4758
4850
4939
5048
5117
5221
5284
5373
5462
5566
5655
5759
5849
5920
6023
6105
6196
6301
6381
6486
6556
6662
6738
6827
6940
6987
7102
7204
7297
7396
7497
7582
7670
7765
7859
7961
8041
8152
8227
8321
8424
8504
8607
8691
8778
8880
8960
9059
9156
9251
9347
9443
9534
9627
9706
9796
9888
9977
10071
10172
10257
10355
10445
10531
10622
10709
10805
10907
10996
11086
11184
11287
11370
11451
11544
11633
11718
11834
11914
12005
12095
12184
12273
12387
12465
12566
12655
12738
12845
12957
13057
