1	1458582253890
2	1458582254822
3	1458582255632
4	1458582256474
5	1458582257354
6	1458582258221
7	1458582259065
8	1458582259948
9	1458582260790
10	1458582261570
11	1458582262422
12	1458582263218
13	1458582264066
14	1458582264963
15	1458582265829
16	1458582266671
17	1458582267552
18	1458582268344
19	1458582269178
20	1458582270142
21	1458582270938
22	1458582271748
23	1458582272681
24	1458582273457
25	1458582274353
26	1458582275188
27	1458582276070
28	1458582276920
29	1458582277892
30	1458582278718
31	1458582279669
32	1458582280549
33	1458582281533
34	1458582282331
35	1458582283344
36	1458582284151
37	1458582285080
38	1458582285979
39	1458582286956
40	1458582287885
41	1458582288864
42	1458582289777
43	1458582290708
44	1458582291702
45	1458582292495
46	1458582293426
47	1458582294387
48	1458582295344
49	1458582296268
50	1458582297230
51	1458582298142
52	1458582299071
53	1458582300080
54	1458582300949
55	1458582301927
56	1458582302806
57	1458582303902
58	1458582304782
59	1458582305698
60	1458582306608
61	1458582307534
62	1458582308441
63	1458582309391
64	1458582310310
65	1458582311292
66	1458582312172
67	1458582313104
68	1458582314029
69	1458582314961
70	1458582315888
71	1458582316801
72	1458582317776
73	1458582318660
74	1458582319643
75	1458582320586
76	1458582321464
77	1458582322458
78	1458582323275
79	1458582324239
80	1458582325168
81	1458582326247
82	1458582327090
83	1458582328057
84	1458582328987
85	1458582329928
86	1458582330892
87	1458582331911
88	1458582332821
89	1458582333698
90	1458582334732
91	1458582335660
92	1458582336587
93	1458582337633
94	1458582338530
95	1458582339592
96	1458582340518
97	1458582341445
98	1458582342249
99	1458582343249
100	1458582344174
101	1458582345220
102	1458582346199
103	1458582347211
104	1458582348159
105	1458582349153
106	1458582350019
107	1458582350942
108	1458582351846
109	1458582352824
110	1458582353720
111	1458582354593
112	1458582355543
113	1458582356518
114	1458582357497
115	1458582358429
116	1458582359379
117	1458582360357
118	1458582361287
119	1458582362179
120	1458582363129
121	1458582364012
122	1458582364989
123	1458582366068
124	1458582366971
125	1458582367880
126	1458582368822
127	1458582369819
128	1458582370694
129	1458582371674
130	1458582372561
131	1458582373492
132	1458582374472
133	1458582375506
134	1458582376392
135	1458582377337
136	1458582378201
137	1458582379113
138	1458582380045
139	1458582381008
140	1458582382017
141	1458582383057
142	1458582383993
143	1458582385008
144	1458582386116
145	1458582387185
