186
264
367
468
571
685
783
898
988
1093
1182
1270
1371
1484
1586
1663
1773
1868
1937
2027
2118
2198
2287
2379
2456
2548
2641
2746
2815
2910
3023
3103
3197
3290
3335
3479
3576
3686
3767
3868
3970
4057
4136
4243
4337
4427
4528
4628
4732
4823
4925
5019
5118
5211
5311
5400
5504
5602
5701
5793
5893
6000
6091
6204
6287
6408
6483
6583
6672
6768
6867
6968
7061
7153
7242
7339
7429
7530
7630
7721
7819
8236
8316
8397
8498
8607
8707
8797
8899
8989
9102
9180
9284
9372
9466
9568
9672
9773
9869
9970
10058
10149
10248
10346
10441
10539
10641
10739
10831
10935
11029
11129
11226
11328
11419
11509
11621
11708
11823
