1	1458582000218
2	1458582001328
3	1458582002378
4	1458582003353
5	1458582004467
6	1458582005569
7	1458582006663
8	1458582007625
9	1458582008655
10	1458582009616
11	1458582010598
12	1458582011593
13	1458582012609
14	1458582013635
15	1458582014653
16	1458582015627
17	1458582016574
18	1458582017517
19	1458582018398
20	1458582019301
21	1458582020222
22	1458582021079
23	1458582021956
24	1458582022834
25	1458582023731
26	1458582024727
27	1458582025640
28	1458582026532
29	1458582027494
30	1458582028459
31	1458582029437
32	1458582030365
33	1458582031393
34	1458582032312
35	1458582033329
36	1458582034265
37	1458582035377
38	1458582036310
39	1458582037273
40	1458582038303
41	1458582039239
42	1458582040192
43	1458582041252
44	1458582042154
45	1458582043183
46	1458582044179
47	1458582045172
48	1458582046205
49	1458582047267
50	1458582048212
51	1458582049196
52	1458582050090
53	1458582051151
54	1458582052047
55	1458582053193
56	1458582054105
57	1458582055085
58	1458582056077
59	1458582057111
60	1458582058040
61	1458582059151
62	1458582060128
63	1458582061163
64	1458582062173
65	1458582063169
66	1458582064101
67	1458582065127
68	1458582066040
69	1458582067019
70	1458582067998
71	1458582069044
72	1458582069958
73	1458582071003
74	1458582071969
75	1458582072961
76	1458582073895
77	1458582074986
78	1458582075949
79	1458582076946
80	1458582077890
81	1458582078922
82	1458582082852
83	1458582083881
84	1458582084909
85	1458582085906
86	1458582087037
87	1458582087997
88	1458582088993
89	1458582089954
90	1458582090888
91	1458582091830
92	1458582092875
93	1458582093841
94	1458582094851
95	1458582095813
96	1458582096874
97	1458582097891
98	1458582098933
99	1458582099948
100	1458582100958
101	1458582101903
102	1458582102949
103	1458582103863
104	1458582104810
105	1458582105940
106	1458582106815
107	1458582107895
108	1458582108906
109	1458582109866
110	1458582110799
111	1458582111926
112	1458582112890
113	1458582113988
114	1458582115080
115	1458582115960
116	1458582116858
117	1458582117898
118	1458582118977
119	1458582120193
