76
214
317
411
498
572
661
743
834
923
1011
1094
1186
1277
1356
1442
1517
1613
1683
1770
1857
1936
2016
2098
2186
2266
2347
2429
2516
2599
2679
2771
2840
2920
3005
3070
3187
3279
3369
3453
3543
3630
3709
3791
3883
3970
4061
4144
4228
4305
4383
4477
4566
4650
4752
4841
4913
5015
5092
5171
5261
5360
5442
5555
5625
5713
5802
5915
6007
6103
6208
6589
6681
6762
6866
6934
7025
7116
7195
7285
7377
7471
7572
7639
7703
7810
7890
7989
8067
8148
8251
8331
8414
8517
8595
8667
8750
8854
8954
9023
9097
9177
9276
9343
9423
9502
9585
9661
9748
9831
9918
9999
10091
10171
10252
10353
10439
10508
10599
10689
10785
10856
10949
11040
11118
11210
11287
11375
11476
11546
11625
11706
11804
11871
11962
12051
12139
12226
12319
12422
12514
12590
12680
12767
12872
12951
13045
13137
13245
