1	1458580974070
2	1458580975051
3	1458580975957
4	1458580976926
5	1458580977840
6	1458580978914
7	1458580979797
8	1458580980811
9	1458580981774
10	1458580982737
11	1458580983596
12	1458580984575
13	1458580985494
14	1458580986489
15	1458580987414
16	1458580988383
17	1458580989295
18	1458580990258
19	1458580991306
20	1458580992314
21	1458580993364
22	1458580994416
23	1458580995485
24	1458580996884
25	1458580997860
26	1458580998905
27	1458580999888
28	1458581000881
29	1458581001868
30	1458581002894
31	1458581003973
32	1458581004984
33	1458581005919
34	1458581006961
35	1458581008041
36	1458581011312
37	1458581012447
38	1458581013408
39	1458581014463
40	1458581015661
41	1458581016659
42	1458581017771
43	1458581018901
44	1458581019947
45	1458581021005
46	1458581022060
47	1458581023253
48	1458581024215
49	1458581025278
50	1458581026335
51	1458581027299
52	1458581028333
53	1458581029423
54	1458581030455
55	1458581031565
